2341873560728977408
18014673924263936
9295438636384256768
144132797982837248
72059810510012672
1188952502796616704
9511603031500919336
144115327729420546
576601491941376001
70370086363136
1297459042595180545
148900331401513216
140771856483328
290623128202379392
6126021608215675144
281545877246208
2963404288946094084
112592464589889536
112594939023556786
74591968475218976
21392650133571584
8800459296800
4400466755848
13592162810871937
9879352777206153729
281758446780552
2305878212914184576
10380797211964344320
2819149969491968
4612249251856001092
1153202983878787584
576461035772051601
13871086989744275542
4611721204955365378
216190376489263104
4508032042012800
9227880107559880704
13792291055469064
9147945341419776
9799995519060149353
90212868548493314
4611773979894497280
18031991232430208
432627107924344864
37154973951723520
35459317629200
1155174403965747328
720577040975265796
9042662833295872
693557092467974784
1747994828685328640
3458782106140835968
2256781992595712
1125917120299136
288794460011103232
144115738973639168
36286169616898
288512409476284434
10403325053085163521
4614219310532919329
288793465835226114
4785083261126657
144124052905165380
9042676297040906
56306007706177554
1738393858781284608
1697792141561856
3461192793843048576
1163059139321659392
77758699535335424
1180014606598275136
2324152077947241472
73201157553603584
1873537583804579968
4612258073795371522
72763757545127984
144133949591912448
4612390264762327044
5764608107284530688
1603389258289644032
218460041450356864
2308094946487374336
144402745128976912
5188714136449712257
1128107530659332
18295916444385544
577113041939735744
1162218991104656384
4620838355901891072
2254273855522820
4612924138045309120
9296559930997739648
642664613552128
2401883554055168
4612833943077552642
162729026656434176
72347900545405216
1127136991978505
2454765880601609217
4616541496689164800
18033091281159232
5629785150853128
29275598279149832
9223655713010623488
2380196420180346064
2531586507549990912
4620974985521971712
3459046126639382785
3468337008282178048
9587745907934721
653167085805114370
7497411478389002496
6201599692155916552
576537752552734872
9512200826641268736
2378041616725319952
9295992650107211792
2257606877972496
2596327418696369280
2254153522882560
3458835071812374530
36064548880908817
1242998522287366673
2089916517755406337
432351063134306832
13907678741043218945
612524745305886852
36627008721059882
